county,url,link_text
Inman,https://library.municode.com/sc/inman/codes/code_of_ordinances?nodeId=14609,Code of Ordinances
Inman,https://library.municode.com/sc/inman/codes/code_of_ordinances?nodeId=COORINSOCA,"CODE OF ORDINANCES OF THE CITY OF INMAN, SOUTH CAROLINA"
Inman,https://library.municode.com/sc/inman/codes/code_of_ordinances?nodeId=SUHITA,SUPPLEMENT HISTORY TABLE
Inman,https://library.municode.com/sc/inman/codes/code_of_ordinances?nodeId=CD_ORD_CH1GEPR,Chapter 1 - GENERAL PROVISIONS
Inman,https://library.municode.com/sc/inman/codes/code_of_ordinances?nodeId=CD_ORD_CH2AD,Chapter 2 - ADMINISTRATION
Inman,https://library.municode.com/sc/inman/codes/code_of_ordinances?nodeId=CD_ORD_CH3RE,Chapter 3 - RESERVED
Inman,https://library.municode.com/sc/inman/codes/code_of_ordinances?nodeId=CD_ORD_CH4AN,Chapter 4 - ANIMALS
Inman,https://library.municode.com/sc/inman/codes/code_of_ordinances?nodeId=CD_ORD_CH5RE,Chapter 5 - RESERVED
Inman,https://library.municode.com/sc/inman/codes/code_of_ordinances?nodeId=CD_ORD_CH6BUBURE,Chapter 6 - BUILDINGS AND BUILDING REGULATIONS
Inman,https://library.municode.com/sc/inman/codes/code_of_ordinances?nodeId=CD_ORD_CH7RE,Chapter 7 - RESERVED
Inman,https://library.municode.com/sc/inman/codes/code_of_ordinances?nodeId=CD_ORD_CH8BUBURE,Chapter 8 - BUSINESSES AND BUSINESS REGULATIONS
Inman,https://library.municode.com/sc/inman/codes/code_of_ordinances?nodeId=CD_ORD_CH9RE,Chapter 9 - RESERVED
Inman,https://library.municode.com/sc/inman/codes/code_of_ordinances?nodeId=CD_ORD_CH10CO,Chapter 10 - COURT
Inman,https://library.municode.com/sc/inman/codes/code_of_ordinances?nodeId=CD_ORD_CH11RE,Chapter 11 - RESERVED
Inman,https://library.municode.com/sc/inman/codes/code_of_ordinances?nodeId=CD_ORD_CH12EL,Chapter 12 - ELECTIONS
Inman,https://library.municode.com/sc/inman/codes/code_of_ordinances?nodeId=CD_ORD_CH13RE,Chapter 13 - RESERVED
Inman,https://library.municode.com/sc/inman/codes/code_of_ordinances?nodeId=CD_ORD_CH14EN,Chapter 14 - ENVIRONMENT
Inman,https://library.municode.com/sc/inman/codes/code_of_ordinances?nodeId=CD_ORD_CH15RE,Chapter 15 - RESERVED
Inman,https://library.municode.com/sc/inman/codes/code_of_ordinances?nodeId=CD_ORD_CH16LAEN,Chapter 16 - LAW ENFORCEMENT
Inman,https://library.municode.com/sc/inman/codes/code_of_ordinances?nodeId=CD_ORD_CH17RE,Chapter 17 - RESERVED
Inman,https://library.municode.com/sc/inman/codes/code_of_ordinances?nodeId=CD_ORD_CH18OFMIPR,Chapter 18 - OFFENSES AND MISCELLANEOUS PROVISIONS
Inman,https://library.municode.com/sc/inman/codes/code_of_ordinances?nodeId=CD_ORD_CH19RE,Chapter 19 - RESERVED
Inman,https://library.municode.com/sc/inman/codes/code_of_ordinances?nodeId=CD_ORD_CH20PLDE,Chapter 20 - PLANNING AND DEVELOPMENT
Inman,https://library.municode.com/sc/inman/codes/code_of_ordinances?nodeId=CD_ORD_CH21RE,Chapter 21 - RESERVED
Inman,https://library.municode.com/sc/inman/codes/code_of_ordinances?nodeId=CD_ORD_CH22SOWA,Chapter 22 - SOLID WASTE
Inman,https://library.municode.com/sc/inman/codes/code_of_ordinances?nodeId=CD_ORD_CH23RE,Chapter 23 - RESERVED
Inman,https://library.municode.com/sc/inman/codes/code_of_ordinances?nodeId=CD_ORD_CH24TA,Chapter 24 - TAXATION
Inman,https://library.municode.com/sc/inman/codes/code_of_ordinances?nodeId=CD_ORD_CH25RE,Chapter 25 - RESERVED
Inman,https://library.municode.com/sc/inman/codes/code_of_ordinances?nodeId=CD_ORD_CH26TRMOVE,Chapter 26 - TRAFFIC AND MOTOR VEHICLES
Inman,https://library.municode.com/sc/inman/codes/code_of_ordinances?nodeId=CD_ORD_CH27RE,Chapter 27 - RESERVED
Inman,https://library.municode.com/sc/inman/codes/code_of_ordinances?nodeId=CD_ORD_CH28UTRE,Chapter 28 - UTILITIES (RESERVED)
Inman,https://library.municode.com/sc/inman/codes/code_of_ordinances?nodeId=CD_ORD_CH29RE,Chapter 29 - RESERVED
Inman,https://library.municode.com/sc/inman/codes/code_of_ordinances?nodeId=CD_ORD_CH30ZORE,Chapter 30 - ZONING (RESERVED)
Inman,https://library.municode.com/sc/inman/codes/code_of_ordinances?nodeId=CD_COMPARATIVE_TABLE1992CO,CODE COMPARATIVE TABLE - 1992 CODE
Inman,https://library.municode.com/sc/inman/codes/code_of_ordinances?nodeId=CD_COMPARATIVE_TABLEOR,CODE COMPARATIVE TABLE - ORDINANCES
Inman,https://library.municode.com/sc/inman/codes/code_of_ordinances?nodeId=STLARETA,STATE LAW REFERENCE TABLE
