county,url,link_text
Orono,https://library.municode.com/me/orono/codes/code_of_ordinances?nodeId=12839,Code of Ordinances
Orono,https://library.municode.com/me/orono/codes/code_of_ordinances?nodeId=ORTOORMA,"ORDINANCES TOWN OF ORONO, MAINE




 (This content was modified in this version of the code.)
modified"
Orono,https://library.municode.com/me/orono/codes/code_of_ordinances?nodeId=SUHITA,"SUPPLEMENT HISTORY TABLE




 (This content was modified in this version of the code.)
modified"
Orono,https://library.municode.com/me/orono/codes/code_of_ordinances?nodeId=PTICONACH,PART I - COUNCIL-MANAGER CHARTER
Orono,https://library.municode.com/me/orono/codes/code_of_ordinances?nodeId=PTIIOR_CH1GEPR,Chapter 1 - GENERAL PROVISIONS
Orono,https://library.municode.com/me/orono/codes/code_of_ordinances?nodeId=PTIIOR_CH2AD,Chapter 2 - ADMINISTRATION
Orono,https://library.municode.com/me/orono/codes/code_of_ordinances?nodeId=PTIIOR_CH3AD,Chapter 3 - ADDRESSING
Orono,https://library.municode.com/me/orono/codes/code_of_ordinances?nodeId=PTIIOR_CH4ALBE,Chapter 4 - ALCOHOLIC BEVERAGES
Orono,https://library.municode.com/me/orono/codes/code_of_ordinances?nodeId=PTIIOR_CH6AN,Chapter 6 - ANIMALS
Orono,https://library.municode.com/me/orono/codes/code_of_ordinances?nodeId=PTIIOR_CH8BUBURE,Chapter 8 - BUILDINGS AND BUILDING REGULATIONS
Orono,https://library.municode.com/me/orono/codes/code_of_ordinances?nodeId=PTIIOR_CH10CACO,Chapter 10 - CABLE COMMUNICATIONS
Orono,https://library.municode.com/me/orono/codes/code_of_ordinances?nodeId=PTIIOR_CH12CE,Chapter 12 - CEMETERIES
Orono,https://library.municode.com/me/orono/codes/code_of_ordinances?nodeId=PTIIOR_CH13EN,Chapter 13 - ENVIRONMENT
Orono,https://library.municode.com/me/orono/codes/code_of_ordinances?nodeId=PTIIOR_CH14FIPRPR,Chapter 14 - FIRE PREVENTION AND PROTECTION
Orono,https://library.municode.com/me/orono/codes/code_of_ordinances?nodeId=PTIIOR_CH16GEAS,Chapter 16 - GENERAL ASSISTANCE
Orono,https://library.municode.com/me/orono/codes/code_of_ordinances?nodeId=PTIIOR_CH18LAUS,Chapter 18 - LAND USE
Orono,https://library.municode.com/me/orono/codes/code_of_ordinances?nodeId=PTIIOR_CH20LAEN,Chapter 20 - LAW ENFORCEMENT
Orono,https://library.municode.com/me/orono/codes/code_of_ordinances?nodeId=PTIIOR_CH22LI,Chapter 22 - LIBRARY
Orono,https://library.municode.com/me/orono/codes/code_of_ordinances?nodeId=PTIIOR_CH24OFMIPR,Chapter 24 - OFFENSES AND MISCELLANEOUS PROVISIONS
Orono,https://library.municode.com/me/orono/codes/code_of_ordinances?nodeId=PTIIOR_CH26PARE,Chapter 26 - PARKS AND RECREATION
Orono,https://library.municode.com/me/orono/codes/code_of_ordinances?nodeId=PTIIOR_CH28PE,Chapter 28 - PERSONNEL
Orono,https://library.municode.com/me/orono/codes/code_of_ordinances?nodeId=PTIIOR_CH29PUHESA,Chapter 29 - PUBLIC HEALTH AND SAFETY
Orono,https://library.municode.com/me/orono/codes/code_of_ordinances?nodeId=PTIIOR_CH30SOWAMA,Chapter 30 - SOLID WASTE MANAGEMENT
Orono,https://library.municode.com/me/orono/codes/code_of_ordinances?nodeId=PTIIOR_CH32STSI,Chapter 32 - STREETS AND SIDEWALKS
Orono,https://library.municode.com/me/orono/codes/code_of_ordinances?nodeId=PTIIOR_CH34TRVE,Chapter 34 - TRAFFIC AND VEHICLES
Orono,https://library.municode.com/me/orono/codes/code_of_ordinances?nodeId=PTIIOR_CH36UT,Chapter 36 - UTILITIES
Orono,https://library.municode.com/me/orono/codes/code_of_ordinances?nodeId=PTIIOR_CH38VE,Chapter 38 - VEGETATION
Orono,https://library.municode.com/me/orono/codes/code_of_ordinances?nodeId=PTIIOR_CH40VEHI,Chapter 40 - VEHICLES FOR HIRE
Orono,https://library.municode.com/me/orono/codes/code_of_ordinances?nodeId=COCOTA1981CO,CODE COMPARATIVE TABLE 1981 CODE
Orono,https://library.municode.com/me/orono/codes/code_of_ordinances?nodeId=COCOTAOR,"CODE COMPARATIVE TABLE ORDINANCES




 (This content was modified in this version of the code.)
modified"
Orono,https://library.municode.com/me/orono/codes/code_of_ordinances?nodeId=STLARETA,STATE LAW REFERENCE TABLE
